-1
-1
-1
-0.10481262134415067
-0.1035512157971973
-0.10351185279216756
-0.10432438348656495
-0.10432181988338173
-0.10432438348656495
-0.10752427602642746
-0.10721817504276918
-0.110389913635983
-1
-0.11000372915366372
-0.11125186779052326
-0.10716272830177623
-0.103038317523894
-0.10406112675736111
-0.10634726444443021
-0.11077752727497714
-0.1055926736963032
-1
-0.10550949367886692
-0.10893612427737885
0.9
-1
-1
-0.10481262134415067
-0.10432438348656495
-0.110389913635983
-0.10305831785032993
-0.10455171741571072
-0.10305831785032993
-0.10455171741571072
-0.10305831785032993
-0.1089285343193907
-1
-1
-1
-1
-0.10831085604099629
-0.10982578293836509
-0.11317060027311605
-0.11125186787783607
-0.10716272829335796
-1
-1
-0.10982578293836509
-0.11317060027311605
-0.10432182007484664
-1
-0.10355121578274484
-0.1036240167474154
-0.10614294771694874
-0.1041050679337726
-0.10375847956796205
-0.10533296871432665
-1
-0.10467472972122753
-0.10533296871432665
-0.10467472972122753
-1
-0.10533296871432665
-1
-0.1050564504576843
-0.10519942790395126
-0.10360960240383521
-0.10338177257443597
-0.1054853640604375
-1
-0.10493435811948518
-0.10695155038376589
-0.10851023311875517
-0.10259108406121817
-0.10258720486601883
-0.11507775283411387
-0.10718080307606533
-1
-0.1098013084866772
-0.10718080307606533
0.8943494772762175
-0.10481262134415067
-0.10417838586224641
-0.10368769395814277
-0.10305831787487771
-0.10455171743823437
-0.10486576660417306
-1
-1
-1
-1
-1
-1
-0.10368769395814277
-1
-0.10486576660417306
-0.10368769395814277
-1
-0.10486576660417306
-0.10481262134415067
-0.10417838586224641
-0.10368769395814277
-0.10486576660417306
-0.10368769395814277
-0.10486576660417306
-0.10481262134415067
-0.10432438348656495
-0.10752427602642746
-0.10721817504276918
-0.10432181988338173
-0.10432438348656495
-0.10432181988338173
-0.1035512157971973
-1
-0.10355822004681323
-0.10798847478180751
-0.10634726444813025
-0.1107775272748682
-0.10893612428535872
-0.10360960238866658
-0.10559267369015944
0.8943494772986913
