90.4171205
90.4171205
90.4171205
90.40729198827646
90.39746347655291
90.40729198827646
90.40729198827646
90.40729198827646
90.40729198827646
90.39746415655092
90.40729198827646
90.41711982000199
90.41711982000199
90.40729198827646
90.40729198827646
90.40729198827646
90.39746551553849
90.39746551553849
90.38763836347476
90.37781121141104
90.37781121141104
90.37781121141104
90.37781121141104
90.36798405934732
90.36798405934732
90.4171205
90.4171205
90.40729198827646
90.40729198827646
90.41711982000199
90.41711982000199
90.41711982000199
90.41711982000199
90.41711982000199
90.41711982000199
90.41711982000199
90.41711982000199
90.41711982000199
90.41711982000199
90.41711982000199
90.40729334726402
90.40729334726402
90.40729334726402
90.40729334726402
90.40729334726402
90.40729334726402
90.40729334726402
90.40729334726402
90.40729334726402
90.40729334726402
90.40729334726402
90.39746483554048
90.38763632381693
90.38763632381693
90.38763632381693
90.3778078120934
90.36797930036985
90.36797930036985
90.3778078120934
90.36797930036985
90.3778078120934
90.3778078120934
90.36797930036985
90.36797930036985
90.36797930036985
90.36797930036985
90.37780645243357
90.37780645243357
90.37780645243357
90.37780645243357
90.37780645243357
90.37780645243357
90.3876336044973
90.3876336044973
90.3876336044973
90.3876336044973
90.37780713175933
90.37780713175933
90.3876336044973
90.37780713175933
90.36798065902136
90.40729198827646
90.4171205
90.4171205
90.4171205
90.4171205
90.4171205
90.4171205
90.4171205
90.4171205
90.4171205
90.4171205
90.4171205
90.4171205
90.4171205
90.4171205
90.4171205
90.4171205
90.4171205
90.40729198827646
90.4171205
90.4171205
90.4171205
90.4171205
90.4171205
90.40729198827646
90.40729198827646
90.39746415655092
90.40729198827646
90.40729198827646
90.40729198827646
90.40729198827646
90.39746347655291
90.39746347655291
90.39746347655291
90.39746347655291
90.3876363244892
90.37780917242547
90.36798202036175
90.37780917242547
90.37780917242547
90.3679826996875
