23.7924249
23.7924249
23.7924249
23.7924249
23.7924249
23.7924249
23.78343168394081
23.7924249
23.78343168394081
23.78343168394081
23.78343168394081
23.78343168394081
23.78343168394081
23.78343168394081
23.774438467881623
23.765445251822435
23.765445251822435
23.774438467881623
23.774438467881623
23.774438467881623
23.765445251822435
23.765445251822435
23.774438467881623
23.774438467881623
23.765445251822435
23.7924249
23.7924249
23.7924249
23.78343168394081
23.78343168394081
23.774438467881623
23.78343168394081
23.774438467881623
23.78343168394081
23.774438467881623
23.765445251822435
23.765445251822435
23.765445251822435
23.765445251822435
23.765445251822435
23.765445251822435
23.774438467881623
23.78343168394081
23.774438467881623
23.765445251822435
23.765445251822435
23.765445251822435
23.774438467881623
23.78343168394081
23.7924249
23.7924249
23.7924249
23.7924249
23.78343168394081
23.7924249
23.7924249
23.7924249
23.7924249
23.7924249
23.7924249
23.7924249
23.7924249
23.7924249
23.7924249
23.78343168394081
23.774438467881623
23.774438467881623
23.78343168394081
23.7924249
23.7924249
23.78343168394081
23.774438467881623
23.774438467881623
23.78343168394081
23.774438467881623
23.765445251822435
23.765445251822435
23.765445251822435
23.765445251822435
23.765445251822435
23.765445251822435
23.7924249
23.7924249
23.78343168394081
23.774438467881623
23.78343168394081
23.7924249
23.7924249
23.7924249
23.7924249
23.7924249
23.7924249
23.7924249
23.78343168394081
23.78343168394081
23.7924249
23.78343168394081
23.78343168394081
23.7924249
23.7924249
23.7924249
23.78343168394081
23.7924249
23.78343168394081
23.7924249
23.7924249
23.78343168394081
23.78343168394081
23.78343168394081
23.7924249
23.78343168394081
23.7924249
23.7924249
23.7924249
23.78343168394081
23.774438467881623
23.774438467881623
23.774438467881623
23.774438467881623
23.774438467881623
23.765445251822435
23.765445251822435
